Linear equation Ax=b, with: 
A = (7.830992, 7.984400, 9.116474, 1.975514; 
7.682296, 2.777747, 5.539700, 4.773971; 
3.647845, 5.134009, 9.522297, 9.161951; 
7.172969, 1.416026, 6.069689, 0.163006) 
b = (3.943829, 3.352228, 6.288709, 6.357117) 

After Gram-Schmidt QR-decomposition: 
Q = (0.575590, 0.575914, -0.499036, -0.296617; 
0.564660, -0.340747, -0.176292, 0.730733; 
0.268122, 0.521749, 0.778310, 0.223880; 
0.527224, -0.529142, 0.337814, -0.572647) 
R = (13.605160, 8.287329, 14.128625, 6.375221; 
0.000000, 5.581209, 5.119195, 4.205000; 
0.000000, 0.000000, 3.935661, 5.358432; 
0.000000, 0.000000, 0.000000, 4.860359) 

Testing properties of decomposition: 
QTQ = (1.000000, 0.000000, 0.000000, -0.000000; 
0.000000, 1.000000, -0.000000, 0.000000; 
0.000000, -0.000000, 1.000000, -0.000000; 
-0.000000, 0.000000, -0.000000, 1.000000) 
QR = (7.830992, 7.984400, 9.116474, 1.975514; 
7.682296, 2.777747, 5.539700, 4.773971; 
3.647845, 5.134009, 9.522297, 9.161951; 
7.172969, 1.416026, 6.069689, 0.163006) 

Testing properties of solve: 
x = (-0.110571, -0.954401, 1.405944, -0.196013) 
Ax = (3.943829, 3.352228, 6.288709, 6.357117) 
