Area of circle:
result = 3.14248 +/- 0.00016 
result = 3.14159 

Volume of sphere:
result = 4.19016 +/- 0.00456 
result = 4.18879 
